Process ID,Parent Process ID
5322,5318
5323,5318
5324,5318
5325,5318
5328,5323
5329,5324
5330,5322
5334,5318
5348,5322
5352,5328
5343,5330
5331,5318
5355,5330
5353,5322
5350,5330
5351,5323
5358,5330
5327,5318
5347,5329
5362,5355
5365,5327
5360,5331
5359,5352
5326,5322
5349,5325
5332,5323
5357,5348
5369,5327
5354,5329
5333,5324
5376,5332
5367,5343
5372,5332
5363,5350
5356,5328
5335,5325
5377,5326
5336,5322
5364,5343
5374,5332
5368,5347
5366,5350
5383,5372
5375,5326
5346,5328
5381,5372
5370,5365
5388,5336
5384,5335
5385,5377
5382,5363
5389,5374
5345,5324
5387,5335
5337,5323
5378,5333
5398,5375
5380,5333
5391,5375
5344,5323
5373,5326
5338,5324
5361,5343
5342,5325
5393,5346
5339,5328
5386,5336
5341,5329
5395,5346
5401,5337
5379,5326
5402,5391
5399,5337
5340,5322
5397,5384
5394,5381
5415,5386
5412,5386
5406,5361
5400,5378
5390,5364
5396,5388
5409,5361
5414,5341
5423,5406
5403,5344
5371,5326
5419,5399
5417,5341
5408,5393
5421,5412
5420,5340
5405,5338
5392,5336
5407,5373
5411,5373
5404,5373
5413,5339
5428,5371
5422,5340
5416,5339
5427,5371
5424,5414
5418,5339
5432,5413
5429,5420
5433,5404
5410,5342
5426,5371
5431,5413
5435,5416
5436,5427
5430,5407
5438,5426
5437,5433
5440,5431
5439,5426
5425,5371
5434,5404
5441,5438
5442,5425
5444,5425
5443,5425
5445,5442
5446,5442
5447,5445
5448,5443
